201.32895357316264
188.36643600194122
194.5920436692413
212.05682699081902
200.4156217512168
203.74917250449812
188.4587067514114
197.7632480696818
181.60259455797544
220.26028961566755
185.67539529741967
261.27867869639
182.80262832634958
226.58641834121374
205.43337299421873
180.00620909700885
196.61931458336193
218.9627342092986
180.13993631201777
205.1872667471757
192.85011958957347
225.1233908451278
207.7279856713249
205.24061405527968
216.15917658352328
200.0586082727768
176.09224455520283
187.28537787961852
213.1058497355471
182.5527023316773
235.15584673227193
220.11890469502146
221.8065115212306
193.52857237048985
197.0487071485915
215.85069188809683
189.0057187850304
226.04498028175757
229.75662650706553
211.2009355209957
173.63493390268337
222.8365085695598
228.26845330429535
236.23783047567866
140.73229700360926
191.29647539145554
165.8833500848739
189.09925256318542
217.01513480952838
176.7990137804258
197.3102481139145
190.46013106839536
192.98563233891494
205.1191406391112
184.14616937914727
196.22864199057855
209.67019382810477
207.6257087281814
225.12979031724024
160.46949973897424
192.5004932557294
188.47661566281747
206.09067931696953
227.49361946586518
202.985332220907
162.1444298914268
216.1674441161571
190.21195081732992
205.52673547237742
195.80123292934826
206.87101911919925
193.038242125052
210.587021952186
197.08825562380585
199.70600639966338
197.2607171629264
221.3934764887993
198.44885758807695
176.16092264210062
192.4086559344001
192.0623347720754
232.29033915705273
178.9166743345186
194.20630180328797
226.50107481671017
223.74493877918613
146.02254147979255
188.73520627019434
183.05622967608457
223.9108402675124
238.72799823404364
165.27207877546073
190.01263729857834
193.8711485222581
229.18316061200053
183.18022886750262
183.9234517261762
191.4942042575706
212.94207588185284
193.85976853643652
200.5625245747427
216.23261744864942
205.56943093192942
211.2086664517503
216.39290777231702
200.54402178600225
191.43008062503512
160.61078138383053
195.6193976546199
213.9602874463949
210.124527518887
190.4074844351883
208.85084610777386
224.0477798680709
205.41465203024512
183.2716086507349
216.96123792979432
207.22163497035362
187.53522283096325
207.8950781184418
199.06313529653409
202.0366661699398
199.8478785155631
217.2818010865869
185.99478057293933
190.92577567089367
196.85611804424582
156.0230050395373
198.08392418845253
193.23911778097877
207.04450459832748
160.22726171399478
216.63659493604777
183.0360854059524
224.05109542928693
218.62108718344882
199.606554413972
170.92824206675067
210.2318594672517
175.75143366559513
185.0392521599844
183.0078191437335
190.52137755660735
171.1100844916783
210.48886472690324
210.74197508670156
179.3771990851562
176.40123735626838
216.66949236087876
213.93740691097022
192.5415410561385
212.40534572814585
226.0622089081944
232.6004482204529
173.1062345401034
177.1231938341966
208.2631909837817
218.57270350153485
215.39018997468574
190.9703535022798
205.14262515719432
226.74261487379707
199.49438894639377
215.21324678089817
191.10587402047432
187.89367900766837
211.86661299608383
208.12007954531563
174.12670255769717
224.74581505620472
202.57242510390412
198.21729928538758
205.8201278013294
210.18290775915958
243.67736313418374
186.89692912411692
204.81814642157553
183.519217789417
150.21517613901787
206.10342344296717
185.67608871547316
210.47098485602643
195.92589264384097
219.2630494684406
201.27515602719575
186.2221389306931
188.20186223109354
206.98104514881612
206.68770237184043
196.1114733888133
198.78602352795264
199.73117109932957
188.89049818221076
220.5794076513541
198.28959360247092
209.82646464916476
192.82810582283653
189.19606713093089
176.2593152004871
206.45754695056513
