34.3803
28.9837
29.8373
20.505
28.2939
34.208
27.4493
23.6123
27.7674
27.0382
33.45
30.6473
16.7896
14.5609
26.5992
31.9024
28.8338
30.3934
26.5727
19.4067
19.8742
21.9901
27.5383
33.3866
24.0139
26.8982
20.8216
24.4133
15.8328
24.2845
28.5915
26.5002
19.3073
31.3267
19.7585
25.1312
27.9165
20.5629
29.9274
22.8708
25.9696
17.9443
19.6121
15.6361
24.9998
29.3745
15.1163
32.5914
32.6445
22.8894
28.6129
17.1811
19.3337
27.9292
32.4886
15.046
26.3891
22.5649
20.0415
26.9474
27.1343
24.3311
18.3467
28.3865
12.2975
20.6203
31.578
22.495
28.9362
31.0186
19.8944
37.4443
25.7126
25.8288
33.78
24.8483
16.3938
20.0469
18.2925
23.5934
27.7867
24.4188
34.338
23.2982
22.0136
21.1881
15.1935
21.4367
28.2084
19.1057
22.6857
33.0784
29.8714
19.8941
23.5922
37.0388
24.4067
22.0241
27.5502
30.3824
17.7412
28.0823
17.6728
19.28
15.6673
20.3075
19.6984
26.4467
19.0241
25.2877
29.9449
31.2053
24.9167
35.3835
27.5247
21.071
19.1049
28.629
22.9183
23.1158
20.6739
22.1195
19.8811
17.5372
20.0105
20.6923
21.5079
25.861
22.1342
27.0168
20.3282
28.6415
