7.965711415722761
4.104533875421762
7.052688176962571
5.777120496349538
4.489508692076623
7.620881264109464
8.597422454826846
3.6705184981212686
5.041516220925352
3.8801809692397096
2.8604564703684496
6.57020424074701
5.11581615915577
4.314143153350179
5.961181576266486
4.531400062694866
6.6656200987111305
7.197883018631068
8.077623951538314
7.0581097763033025
8.175046476726356
7.250238547723011
4.409966953781076
5.78247646691212
6.134715038659784
7.525362128280154
6.515212815287363
6.391495461489541
5.89078507965669
2.508701103300421
7.596226136231375
7.822255075744836
3.8280222691886454
6.090930795563372
2.370044730523488
8.868331931677425
7.001228599808968
5.678191567379916
6.199823793606883
8.807574968141713
3.324067409555894
8.895522199335211
5.47101266917453
9.406449438502124
8.44717526237735
7.448017581803534
4.7484190890945746
5.408068632527107
6.812325409508336
5.560927079506443
2.378094982777665
8.270143653502616
8.238543142199608
7.488419133826989
5.797352318308759
4.936930423431179
8.907592804624406
3.98166462626149
2.740667479058983
3.9078027872813514
5.082752388903099
4.987111946594073
9.104593137199013
5.697204152718562
5.801065953658651
4.213400928155533
6.736537093794536
3.5295560982523826
5.0044827579889715
5.4117817892677
5.640179753409379
5.222695879089379
6.845778667756954
1.9980859389838945
6.502608390413498
5.716357187998581
7.221631249012887
6.118836001036587
5.646613876208968
8.002536378644871
2.533243474693096
7.479722292493207
5.335766635182051
7.5739304658227145
8.181031082030955
6.595825089843916
2.950319601920466
6.025606776876301
4.392071505867064
3.2646726557262036
5.275476707419733
6.300833418868549
4.372130345166918
6.0577902572169595
7.762738216957813
8.254271429306808
5.975808449472199
7.101766612150474
7.577969100410004
7.178428331669419
3.9703160357378047
8.286391424821675
6.79762904523841
8.779990898020541
6.153563904237167
4.563031510365331
3.615597863044989
5.890534088270218
3.6755500163534323
6.242426218884647
6.746306414005905
3.8779520257699467
6.337465466706986
6.494103539171292
3.20523161848646
5.281790694639924
2.548652530851069
4.373205486672163
4.198065259181891
4.809056095465204
9.51734181062085
9.505906686233823
7.468445851069129
3.628122472979406
5.891892928315567
7.892054124514423
4.0291541321783155
7.851212289779509
8.14220208011044
3.0197596578540566
6.633606551198345
3.320865715816851
7.158862319264818
7.644000335103902
6.387939167739515
7.027366424577172
2.411429145588217
1.7233062540177706
5.91221118558165
7.524324054377758
6.669421824545288
6.817426672002292
4.658955210623775
4.332366130426761
1.7141044580862699
5.2837505528285575
5.576793435304524
6.301310420632676
4.888947813261943
7.426352210573221
3.417969588694827
5.442187071149355
3.493760430429361
7.935160983388554
6.535912085022656
2.3353290272964404
6.575214533701555
4.800466205820227
3.205877667632987
8.981561935092596
5.722900864879963
4.426004976263851
2.82195104073247
5.180416508590958
4.971911373749587
8.082546498936052
2.6441115405199564
5.37705906449912
8.81968329565483
3.6302862404210012
6.031018877411581
6.936310405875866
6.7454096357617725
5.288461217197077
5.391388049095101
8.336106289856616
4.980657506551076
8.938769421789397
4.535227597311392
6.995522219901772
6.230958174242256
6.202537616697813
8.819093274145796
4.746284367059783
7.7042046775542214
6.211748502858954
2.246878570534676
3.859604821010968
6.66447283734953
5.222993982392219
6.340718498378735
3.91722326587557
7.527235595624161
2.5483652243303268
4.475819184459338
6.744672844320552
6.363826508731963
5.842046703586417
6.760433271603951
5.941714424223566
