25.4152
23.3552
27.0686
21.7395
22.0086
26.5551
24.5114
24.04
25.219
25.8279
22.8952
21.6525
25.9439
19.8461
23.0504
25.1112
19.3361
25.0903
20.4637
26.2499
24.1714
24.9867
27.2373
24.9406
27.1601
24.751
24.8793
25.3564
25.9763
28.5123
29.4159
23.9698
27.9032
25.7376
25.0232
24.6689
28.4638
19.6898
22.698
26.072
22.1556
18.6005
24.2004
22.7406
23.7868
26.9885
24.8042
20.3205
25.4868
23.4458
22.8066
23.1887
21.5614
26.015
22.5194
21.9918
22.4489
19.0484
22.6707
25.2531
24.435
22.7114
27.4673
23.7837
25.6573
25.4477
27.8601
26.3707
21.8044
25.5366
24.1023
22.0858
25.149
24.5427
21.0691
20.1407
29.4716
23.085
20.9815
27.2263
15.6928
25.9998
19.4772
16.7635
23.1714
23.7588
26.31
24.9082
28.7164
25.7234
24.3308
20.3739
26.3552
17.1738
23.5195
24.1013
21.5003
23.0366
25.3183
20.8179
24.5571
20.2622
24.4708
18.6387
23.7091
23.6025
25.7105
26.0511
23.9096
22.9369
22.2293
26.1692
22.8015
24.2825
22.7053
22.6583
23.0939
20.8918
23.6654
23.8463
22.3605
21.3746
16.5734
22.5272
23.1459
