3024
2956
3021
3089
2955
3027
3027
2967
3016
2997
2939
3056
2971
2957
3030
2970
3061
2948
2948
2882
2943
2984
3011
2980
3008
3068
2948
3031
3073
2915
2923
3050
3042
2996
3007
2961
2997
3012
3011
2984
2975
3022
3039
2983
3026
2993
2953
3036
2935
2902
3045
2966
2998
2993
3064
3046
2950
2988
2968
2982
2982
2973
3039
3001
3016
2983
3000
2969
2917
3054
2975
2944
3005
2926
3022
3007
2996
3053
2937
3017
3031
3022
3084
2990
3008
2935
3039
2981
2961
2992
2927
2896
3017
2896
3042
2973
3013
2960
2931
3001
3018
3085
2981
2952
3009
2961
3049
3025
3040
3072
2945
2946
2966
3063
2920
2986
2976
2913
2936
2973
3069
3025
2940
3056
2942
2998
2973
3069
2983
3003
2958
2935
3080
3015
2957
2960
2942
3020
2958
3004
3035
2989
2945
2955
3000
2939
2969
3023
3067
3019
2968
2956
3049
2964
3044
2921
2994
3052
2951
3001
3009
2954
2965
2983
3025
2963
2929
2976
3116
3027
3019
2973
3008
3064
2993
3042
2959
2999
3071
3005
2966
3016
2997
3020
3009
2975
2980
2987
2904
3009
3015
2913
2984
2953
2946
3046
2971
2992
3010
2984
