0.41941827189644737
0.18190944809121273
0.4136675440071854
0.23978910272166784
0.18281399836207246
0.235015809633776
0.4259860010658375
0.5479804061013869
0.1778570520083539
0.17112914643279226
0.3565771299955817
0.3025057585555143
0.34912470214674185
0.13365977642890606
0.19227553488108884
0.3698766764665847
0.404615719919348
0.17233157783957445
0.3517351657900504
0.282146717752759
0.2635288425706052
0.34422818358293605
0.2935283052485698
0.41862005331340124
0.2545423496398961
0.38897119701246874
0.5436110537298819
0.17089628899066495
0.29858385809212423
0.46208565303621424
0.43911402241002545
0.2940548266056232
0.3495782705665147
0.21730728441540986
0.19283830401525312
0.4329030362882562
0.19640073995293952
0.2644844229467751
0.29803571745755364
0.2614032829910649
0.2931691352758557
0.14647164708566082
0.3019389385079885
0.527796510899437
0.18347938537069255
0.4111975327950115
0.24210690702156665
0.15548925469397118
0.13940840902615273
0.28308022105025477
0.37158752955127383
0.37161850460255447
0.3688516807976961
0.33509720270430293
0.38429053711488187
0.39067093528814967
0.2523581040799
0.4977875764920281
0.4940127234132683
0.6105124167609691
0.39432652805742396
0.22490568860376875
0.4304996294170631
0.4716397477129491
0.1622719718339526
0.2917872519363258
0.40036350112082064
0.5260144261970903
0.4326704631510835
0.4113634618690827
0.11493055249075537
0.2792195541052426
0.17935866948269338
0.5140662687986666
0.45782565211263293
0.3556154893372641
0.2776441516836298
0.19625492872891753
0.25044365408629243
0.38059004126544327
0.439761827570206
0.38068867426246056
0.3835989736503616
0.2534828659090989
0.23792137948264122
0.17468037402490066
0.33140704825717443
0.6267984769611188
0.2757146872719191
0.2213821138145426
0.2615615513310182
0.42759338688447146
0.18971038995054182
0.19652896864170225
0.4208909248149679
0.46498987321926744
0.34214566357365367
0.3498933737365226
0.34033780598171826
0.4546049769006294
0.47819237648687707
0.23215493593145908
0.5403777754278433
0.44417325991608514
0.4056717545939558
0.24368278479336056
0.45445360358138553
0.3932507982377614
0.3929005889855158
0.22659295059503853
0.1762871669280414
0.20938011277085164
0.2213298212352876
0.25684937068448777
0.34925165704007444
0.5078492684563132
0.5689961528003215
0.36297451550878757
0.3396912158816199
0.2824473960779212
0.14750515602859826
0.4401717378961519
0.4546315089502073
0.3026312253376712
0.17791076464396882
0.27406329011016156
0.39102624855413826
0.19002071757636152
0.3555343354473742
0.29876481172204833
0.5176985530334712
0.43093551723691836
0.3617874491690476
0.41103259651725027
0.08020047629187327
0.432114102571766
0.2987089986924486
0.28636298969360907
0.3596742599239874
0.5251223181211723
0.5597160364088594
0.3721335752557134
0.22856587545214235
0.16826003926182959
0.1067024641488352
0.3984812939654162
0.2783812867202243
0.27251302740819544
0.2531648950088767
0.5405245805029005
0.10420962712343822
0.24357565547865767
0.4741189438409735
0.2742285014323471
0.4507464505144683
0.4635686214415012
0.16776796762384288
0.21160001567583844
0.20061384653179165
0.4279335740224524
0.3154300534366418
0.28946380124657367
0.2252316160543096
0.5259997616472939
0.3505044719574443
0.3643556011606984
0.3090610107441162
0.32967665579644095
0.12959365178640372
0.3573235493936455
0.3896950128758779
0.6013743143113279
0.4090089236013163
0.4973945522439061
0.15498067153589712
0.1839491506267048
0.20376303017076988
0.622309904077492
0.33847093728052347
0.2873786439921279
0.4295588048022296
0.3121818083668733
0.5077459270165154
0.41197408682262426
0.09814493820515306
0.42584952269402054
0.5323235575347322
0.5488240260175612
0.32250402811630147
0.31099402497682405
0.2305792432659941
0.35457151386756197
0.4312941892336124
0.47919926863132856
0.4431373674397031
0.17577567472498962
0.5437973313405848
0.5945388521015892
0.22394481895031212
0.18944440406530066
