0.0002850431807614335
0.0023324696497516438
0.0012933469132025207
0.002648687969854094
0.00011384753133188932
0.001600920408935876
0.009509490587856011
0.006233910122962872
0.0016587475857276844
0.0002707806979254689
0.007611245155183297
0.013122246986696342
0.006544621223370755
0.0024450930955579693
0.008721031548549002
0.0037297762450028515
0.0033172780771650147
0.005636240393747561
0.0016011851882633884
0.003315874370432623
0.009352137865180424
0.002440286387323637
0.0033679786097988314
0.01799690565536801
2.8687236943919445e-06
0.003155618563887453
0.0025845262062953738
0.00390799573827929
0.024954721341851144
0.002269070372541736
0.006561425913803164
0.010209663967145071
0.0009078573322120087
0.0003950661533058157
0.004162874938894819
0.003017296772142993
0.0029335131473340963
0.009111786977005447
0.0006620711654571611
0.0007236816536766059
0.00026628707346210904
0.000766575851168573
0.017574404728261175
0.0025694721013268945
0.014800414845779708
0.0014888133089880973
0.0005900617907833738
0.0019469609105724226
0.0027626438802149807
0.009533228077983158
0.0018009225864324113
0.0020876871660165074
0.0027432700440719786
0.010298698074867168
0.0007618750971505104
0.0024716796160433687
0.005716793541252541
0.003584736407829839
0.0023133777301955886
0.002667546082533211
0.002317636685264815
0.0021719025009643697
0.0008993307747130266
0.0020019954899976964
0.0050101419292118525
0.005057731788711646
0.0007467393854563163
0.00026914927080128775
0.00033603313600868615
0.0011950421182355237
0.0011510371280201255
0.00382382252924131
0.01402971075483462
0.010613495295430304
0.0051857218528533365
0.003578857194394568
0.00698275339107457
0.0007374978562594806
0.011060450153679157
0.0033374173866638967
0.0012493756307305262
1.1566764467060532e-05
0.008646659627218748
0.009875607073089694
0.00259940900703825
0.0008586168724029628
0.011334680511012806
0.00517990365743171
0.0009262874771044362
0.005986163713123483
0.0005439489164955484
0.003889799843202815
0.0017250672082340837
0.01002985840924672
0.0009759526919923687
0.019984815617673478
0.008360618171270229
0.0067250253950476135
0.0004435295337249359
0.00355080083833991
0.009810401924638563
0.0008694010118604137
0.0039650011961759124
0.0011388797460544177
0.0002874398449895179
0.008435674679098034
8.232496713067296e-05
0.003988000774768824
0.0048149775360955185
0.003718959961476463
0.00030367663964436824
0.00817035633813701
0.017963577862999812
0.01653290378941891
0.009588483687717921
0.0018222848998801647
0.0015842859298328456
0.0020330273045143506
0.0024798237416624406
0.0017206739935291002
0.01568722888260744
0.001725641161170125
0.0005231965402889427
0.004869050117029468
0.0015794315817870346
0.004368628847909907
0.0004064514408921396
0.009447049020044122
0.014172211171517242
0.01689083630114406
0.0030891862501215926
0.0039671244743038755
0.0032945169497556382
0.00033360038622103376
0.00467895325640581
0.0011945036618962917
0.003566429577396503
0.0068320158914479
0.002147802622239419
0.0029760881439683654
0.0026617826687791173
9.99495397504648e-05
0.016255867093090747
0.00024167734469377855
0.01100976235282424
0.005317391038495054
0.00042251963201741106
0.005470246003969669
0.002851247539197345
0.007727728179568234
0.0012914147608841429
0.0005087367890714417
0.003728393267447915
0.0019086475251848742
0.006173651454442346
0.00038784175948026453
0.016288739551494538
0.004675726655612303
0.006573966711572816
0.0011098262210945539
0.002984467375625779
0.00486001836168233
0.006567395261101018
0.0017746340550503215
0.0057863562333399
0.014974656371469195
0.003226859856694109
0.009658399841647888
0.0009385699730997264
0.0050533500135139875
0.005994404276835175
0.010089355257175444
0.0021310432031061127
0.002085342690855336
0.00461172265701337
0.005214351589349211
0.0037634851852836686
0.0012720885907978514
0.00589292171992081
0.00014010719281757982
0.004193305286616342
0.00234110690028334
0.001997713269862967
0.002987900930245188
0.001414159961893526
0.00017366881929519452
0.011914007277872174
0.018268092712483464
0.00618777823781016
0.0008221538538139738
0.004760057880203281
0.013794270679910868
0.007207897957584406
0.008203139760815475
0.013258844368720345
0.0021696729879499073
0.009452128723751478
0.005346291704046869
0.007890020476671153
0.0025088461565865162
