27.694862297367777
26.963435813949456
24.105431510523193
27.540922105073502
29.963555891383074
26.611145705516908
18.154730084188618
32.55429307365964
30.330323660557248
21.78489826185265
28.073488727141008
23.36359224094108
22.566576841690974
24.66845969409784
25.764644175207266
25.136831632178833
21.722275359091515
27.106022859522092
22.56282955884739
23.764044813402094
20.235335987843794
27.224609551638334
20.394987474257718
30.647857990022484
24.632095084502204
26.499724689365348
23.975535908815427
24.56335897298375
25.045451484162033
23.555784394694413
17.68669871874247
25.363159595655098
22.25539025074841
26.867190092390672
25.744653946616705
29.933618560074436
22.568094735234077
28.514698210243665
23.39581713242176
24.346759189945033
26.92192477914113
25.28741064530676
24.05095782876749
24.954787978079878
22.086486301292524
26.19362823839265
24.166176091523734
23.04867847947432
20.946456246621455
28.76724403360793
24.10339289432252
23.751223122466385
23.63385183266576
24.73367935597798
28.10473998500274
27.069281185247924
23.700396876021934
26.340760733305828
23.730263712319353
23.677728385435277
25.72704807174825
30.154028570376994
16.454229106644938
23.497191776540408
25.903771074618433
27.39220712903229
23.68772689520376
24.01522291370958
23.859063499258923
25.814388512353716
26.758142931674264
25.030685591586803
26.05864867227849
21.455615920316998
19.42922890706047
24.15138379138705
26.027106961988455
30.09420197414237
20.613629462125964
25.001499057584173
28.577106232080116
21.51354000514657
23.132738757998798
28.08157373539331
26.47759081891208
28.445245482139683
32.476818947196364
27.876821251915963
23.27280750468154
25.647874754106724
24.08716757866848
30.58733407611563
21.91050399061101
25.060766519248393
25.65178763449886
24.808826494691697
23.97838134456085
20.314799868274378
27.486984791220934
20.44242110252638
29.451999626877036
26.224350401596155
25.637153375927323
21.635361503191252
21.930572887011195
27.596268677686794
23.005075301077397
23.804161635568093
23.121335086815378
25.730601367327257
26.269425504966982
23.3518008168405
23.33410830740509
19.976500472000577
23.43439877916766
22.828941745989084
21.641939577793607
22.735752976629268
24.67476305532988
22.680540533458593
28.657790515760713
31.15729677207621
23.705798226886888
25.993286813528005
24.288394231401334
25.101960040882787
23.063258435250294
22.0174784869317
30.40220507151149
23.43634912481007
22.42634126827594
25.63522021866092
20.132906238049568
27.70124470768343
19.41996652624565
23.281304798970616
21.862959237386004
28.653446124298295
27.93324351200018
24.118256112462856
26.69215192333584
26.002310291526165
23.263574761406307
26.38453336846808
24.520221398820432
22.494199592935452
20.73282974225885
25.68028893447564
28.897285311035514
21.240663772472733
29.721936698669843
22.241057721234196
25.06742965080365
26.27730028753461
26.64949706743728
23.47992981865651
26.01267469523669
24.80368817656107
27.163483070929846
25.627632319395573
28.16840635725799
27.85981420429171
21.69129017692498
26.851814391046656
22.933347896829837
19.555340090459964
25.054706491425023
26.203713656744885
23.696258362967832
24.551001012582507
27.041003897653642
21.754548134037794
21.020205470253703
32.284295041218066
21.810377388048497
23.281105107848603
25.32416056849939
25.25528215832459
23.351989208703987
20.112565820842164
25.129074053614584
17.70387031636311
28.61989905977323
26.562779845627666
18.977560039644516
25.171321510417812
23.902382685522806
19.62335236043633
28.597087332951244
26.882263013613535
19.673263406980485
25.898032638761872
24.056089817422613
29.097217127337917
24.95500697795163
26.964560805714452
30.086268194333222
23.49283471632928
28.165401372411527
30.698446018139478
