10.3267
39.6821
3.4561
19.6654
27.5446
11.0219
22.8987
38.7157
10.9174
79.8778
10.4028
5.29716
2.38516
4.54105
20.5974
18.801
25.1886
7.02326
46.4572
3.59065
10.3542
82.8375
2.96706
24.5458
28.8967
14.9523
10.3842
8.66382
25.8358
11.8452
20.5733
2.4196
5.17714
51.1246
14.6419
11.4572
1.20028
14.5162
3.76004
24.3806
5.34506
11.8585
19.4329
8.63084
30.3962
1.01863
6.51826
4.00188
17.2808
9.23189
31.8318
35.9526
3.97495
26.938
5.70672
7.93358
1.91706
59.1929
16.0635
23.7546
14.223
40.1941
10.54
13.0066
5.84501
14.1275
111.627
4.44253
8.48047
5.84855
16.2752
37.945
6.70461
13.4818
5.8956
25.0596
4.8787
9.93853
21.1394
32.3508
55.5171
15.348
37.5466
8.94433
35.1737
23.8078
45.4968
1.062
58.3506
