27.521042253661598
43.48703640706012
29.048235534194966
71.47223459529812
4.127257498169168
80.8496461222712
26.954701669123995
15.419877627401457
24.72601116601418
33.32481254434474
70.15955296218692
16.071061289823923
23.4251159601858
42.26537548862983
35.91030447884242
21.12897018908437
65.2187194656774
28.985050550583
15.771080528541628
13.278723922688712
26.56381936835973
36.5666963082581
24.176221955475533
14.292585267162025
33.91342648792673
39.12972739931313
31.21466246628888
23.771191979107904
14.663374636578169
24.595646507495328
32.27306678473699
18.243437444228768
7.609442447661257
39.05757978803817
30.199060435765233
16.091216836587655
45.57534360861438
36.19716213090656
41.83661323553428
23.736082939489307
61.81824333372687
44.1837744579818
2.8829112484481643
29.1279615686487
27.73936484969795
96.53470661353576
78.91212757740237
145.65282480544704
23.86347766226358
58.82712409969972
15.94635686242139
27.841153712793464
18.51432627866551
14.581377606594414
58.11752368370368
7.793517374792961
24.354488372764074
66.93634070083617
21.13904354920256
26.554777097491954
7.412399988182023
48.09285653334329
80.46429955874709
37.92431143974288
27.928693988516812
97.96672589365079
12.35594118468963
26.269087611504048
30.65089958476162
46.372604296025926
13.757555982579724
46.96432467572045
23.12740394910461
42.740159633568155
12.191247250856044
42.126143201899815
21.406863090486876
8.255616325314964
21.414201683986892
45.54810894787499
70.96940434961098
42.21046091780539
16.753822013912373
38.70359549451792
22.439584653506547
8.571601142038151
27.203581049616286
19.62765540995196
22.31361473128734
8.550174808534038
39.05743858663344
85.4076873464779
12.121722273373232
30.118783514488285
17.24556416046441
43.679205918998186
46.85427813357374
33.54609134202956
39.213211477776355
58.41037286959299
34.399085876629904
49.42857447189516
29.305514196303267
41.65028635052483
12.222042272680758
48.92477425557605
15.921862853665868
40.52499337855108
5.948800561733463
32.77683806867788
16.074359448383447
38.658527767002106
7.363366511881161
59.207286533266576
21.12266157944751
38.20298357154901
24.08430581435163
12.027171035533476
46.83629388755665
71.51640283021861
53.937149181615965
25.049446672987038
24.189196695793058
11.141091766599427
31.24499973184745
12.103510773672161
50.67287348541026
71.16533969840923
12.426928715260704
62.43695255161522
23.60398442375332
28.948510411125646
47.17556932558817
10.628457906853193
16.911216467637082
33.1465194715896
15.564647042136318
37.67067032264275
16.589290395608767
29.025835145383653
6.67011911305696
17.94563752135943
17.766211439713743
64.14990593002392
7.798381296554654
21.70551768038949
15.381200591791265
53.947601202298046
28.34914356977177
37.25494231738759
16.393357928895377
6.704095969318537
31.409274291404323
20.417811890684945
25.875219480368482
34.816562970976904
0.8134748264066722
36.917595189523595
32.761214190040505
44.579033704891785
39.150087169213
51.43133023927247
57.78271229871449
40.51750008998946
68.17950038459348
40.79434711210973
45.36089897179253
21.61463430701935
61.3692521549338
47.938158951649285
20.893475844566733
23.389075290661886
43.81300284650949
26.269606393663352
31.175856352673623
17.540860317507153
6.95861354330686
31.162803072248487
39.39058170613765
22.290480951488036
25.805712522275112
18.471111076852463
18.184507850114777
23.38593893734223
64.51545916966508
25.13661512403562
14.705249474558698
32.47604582940285
27.528853014979116
13.957798015307603
9.595377112325597
34.685174508626595
31.314872924199907
21.0441846685313
39.3002797516575
29.158005007000902
45.94006146125693
19.214433986626034
32.21491274759059
48.312637050312745
