52.94179472
54.64120831
47.73022523
51.99950136
56.35653805
53.34405286
44.1448209
53.55958036
49.77291054
44.4709316
38.84613888
50.56134013
57.08264452
58.2725137
51.91896561
56.23401775
50.57365241
52.97048928
49.01739898
46.24448037
54.66834535
48.34970481
43.15639343
46.681737
45.79821406
47.98267254
49.46444404
50.06904202
51.6976287
51.35215714
51.31925617
48.71358796
50.34087293
49.84372607
48.99047793
44.19464984
45.6297529
57.18101774
37.06916813
44.50603809
49.79244194
44.77111032
53.31397132
50.489797
54.35625225
47.71027888
50.17311095
44.13341811
43.85730689
45.63032134
55.64547236
48.01167974
40.34689608
46.25359806
52.74441163
42.84250407
55.43280976
48.25732857
46.03212473
47.3643412
50.21713049
54.1876433
50.8662596
51.86390707
42.48575477
57.0463102
47.32602873
60.55745997
43.53203748
56.02481123
51.96763494
55.4080374
50.0862542
55.84834652
59.98998075
43.2905439
55.84532245
51.04976152
48.71398018
46.48609901
44.2712634
56.32576302
54.49775825
47.87723937
50.39955239
49.06415269
50.59406489
50.23321149
55.40871952
53.83870429
50.77941422
61.8274329
52.4101837
45.888993
52.57913371
60.46678335
51.22444135
51.28325155
53.65885171
41.44552021
49.27358658
48.88484581
59.9564204
49.37934945
46.69840349
49.62959691
50.33818992
60.54327186
40.39332579
47.35598522
55.13400664
55.71401415
62.12356437
56.37029416
47.89940262
45.94451765
50.68044415
50.94674988
40.52324711
50.62643721
50.50363269
54.37248673
43.26885245
42.61342509
57.04735612
52.96228109
50.60986167
60.11112545
52.01318358
45.12046998
45.40974613
50.26078624
54.74759645
57.69168764
56.97982614
47.7877394
52.7684564
46.16488822
53.35027153
48.84560111
57.33682555
52.54162842
49.20548248
50.51478537
48.57309945
48.84913109
41.53824319
48.51044095
43.26316811
57.72179192
51.42251793
41.52860255
50.31519107
54.81405777
56.81927759
49.12247404
54.02632168
56.55547865
52.83243935
43.91866368
42.42845661
48.75544745
48.82359134
40.98190528
51.83973725
50.71172508
49.40323505
54.65475978
44.56304067
51.10574661
50.32592311
59.14546945
41.22401277
51.95318535
53.73779585
52.25155645
46.96951818
54.16163175
43.0393642
52.37672566
56.7951305
49.20509595
53.9563588
53.96211703
52.92679943
48.49043206
52.41233238
48.38762506
51.77970492
58.76707418
54.52189397
53.62046535
57.14048838
46.7877784
55.36633706
51.47077799
41.95063083
39.2539563
51.05484901
45.23134875
