0.524430067
0.038850063
0.874507889
0.720603046
0.154026917
0.34644612
0.567827387
0.177190466
0.020233772
0.502639851
0.445997497
0.668233283
0.672353282
0.664845729
0.121433149
0.603106784
0.642323069
0.456343272
0.566484573
0.037934507
0.342417676
0.398663289
0.441633351
0.815820795
0.26944792
0.42384106
0.183751946
0.427564318
0.046754357
0.873104038
0.634846034
0.25000763
0.335673086
0.888119144
0.49345378
0.316782128
0.146977142
0.601001007
0.369518113
0.279061251
0.584276864
0.029541917
0.723929563
0.711813715
0.550187689
0.083590197
0.474013489
0.421948912
0.446607868
0.589190344
0.546586505
0.914883877
0.400463881
0.736320078
0.15909299
0.675313578
0.046021912
0.857020783
0.1109653
0.418774987
0.395214698
0.939573351
0.865627003
0.970427564
0.826929533
0.785302286
0.704916532
0.926419874
0.726676229
0.214423048
0.737174596
0.755363628
0.80834376
0.226722007
0.039735099
0.495193335
0.648121586
0.523636586
0.717825861
0.701925718
0.463209937
0.297891171
0.160374767
0.806817835
0.665486618
0.697134312
0.274666585
0.537705618
0.222022156
0.867397076
0.980529191
0.561540574
0.353587451
0.98300119
0.745536668
0.003112888
0.601886044
0.16913358
0.442762535
0.997894223
0.797692801
0.723136082
0.311655019
0.933439131
0.960264901
0.540787988
0.303872799
0.537125767
0.659810175
0.154148991
0.595263527
0.465712455
0.874050111
0.286843471
0.544816431
0.552812281
0.870174261
0.333109531
0.882351146
0.371074557
0.143375958
0.667043062
0.405896176
0.265205847
0.943571276
0.188177129
0.970183416
0.511490219
0.420606098
0.009582812
0.04709006
0.761009552
0.920773949
0.694692831
0.640095218
0.421918394
0.464094974
0.949461348
0.833002716
0.137699515
0.935056612
0.175572985
0.755058443
0.017273476
0.017212439
0.791619617
0.243079928
0.773277993
0.403424177
0.727500229
0.98239082
0.424665059
0.312295907
0.999450667
0.406933805
0.72051149
0.843104343
0.77129429
0.141300699
0.940092166
0.199346904
0.807885983
0.264198737
0.226722007
0.312997833
0.728019044
0.175817133
0.110721152
0.900204474
0.961760308
0.349955748
0.378215888
0.479995117
0.819635609
0.752098148
0.941892758
0.387157811
0.579058199
0.204687643
0.869808039
0.31040376
0.994781335
0.481246376
0.228980377
0.38718833
0.13922544
0.409619434
0.899349956
0.386486404
0.97952208
0.767052217
0.01474044
0.010620441
0.596514786
0.246711631
0.187292093
0.847651601
0.453199866
0.278481399
0.170995209
