0.058376512536625
0.1051909204743247
0.035527701305079235
0.029937925927431552
0.016506869454869382
0.0485637710588679
0.17724225186713843
0.0386727497470435
0.09303950528675405
0.08971504697545347
0.17308623416207702
0.13155448854617316
0.04472248377806061
0.003939879254064727
0.04966318273996113
0.05261285414345888
0.36299360563340755
0.006757310911446591
0.15802314414377447
0.09238647695118636
0.15111054961912965
0.03352013410984443
0.2681538093338923
0.0007822934414148949
0.12379923475602245
0.26719083793527587
0.29226442834070865
0.03279512143048863
0.003296123372698364
0.10312641245686548
0.1379671973564362
0.24004026993406208
0.060761859415671665
0.34369482423308284
0.10730791665721442
0.016120215262548792
0.1444480979480443
0.025904622188786034
0.0046417990400961515
0.0023252501858384016
0.13523842784190182
0.00041150638492795855
0.06329736464052721
0.19744300549009078
0.32318589919685337
0.08972617651670982
0.20381486913661806
0.049388995629493865
0.015056870958891067
0.1875298636549089
0.01116802728445446
0.04043177569805724
0.1044394854431561
0.31120961493286037
0.24266182966079916
0.008879462767604948
0.21676824981214907
0.5489416590192852
0.0012076386808962292
0.011672989968982745
0.018899572320770042
0.20966799276094517
0.08920305882504695
0.055051324542299405
0.10096666912269482
0.22318384514924697
0.02212156071674039
0.012531599140712144
0.021735722001940364
0.0264828480811147
0.005231267486082074
0.004431277203573624
0.12713548470069874
0.12594160486194172
0.006988833682114113
0.07126217977790257
0.039279654580531856
0.036236650707184605
0.024449768422300126
0.1764170909007469
0.09554524743911781
0.02684927042095693
0.02845695977130394
0.029076617686815902
0.1309005186798721
0.4157117375398178
0.05411611482562505
0.15460113311213677
0.007067875997027287
0.1808406461211432
0.062382041497628986
0.21462114378832725
0.29826620016628863
0.16068569449669984
0.006803578983662801
0.0017163328967591607
0.027995653326656114
0.13749278602617424
0.24400134900754855
0.2734063777976139
0.031056663439775388
0.03868659446864101
0.16590848205604836
0.45481084125741944
0.07763729201717959
0.05454060689111348
0.20868252005329846
0.07210402261945038
0.0010260674039361262
0.20791257442945096
0.10364136781252038
0.051649455440648064
0.0009511780433539212
0.36569000006387126
0.025807355418068872
0.327390309168857
0.2864320592867523
0.0589075956244361
0.10470007098617987
0.11921624793445632
0.01925733950646344
0.10919108286655035
0.2778930928312416
0.03819241945729327
0.1893555574305081
0.00913888073787574
0.07145286567751971
0.011138925626348148
0.05604363619968958
0.26557423984471157
0.0010395662132564735
0.01822525683663054
0.009976446866850997
0.00777057037402267
0.04384742611691528
0.15769041880174256
0.22226448318002415
0.04827003690708937
0.060238096649362395
0.26045092635736755
0.29626247761964936
0.2662185875294777
0.09655858470147792
0.06993617120718182
0.08087339832089746
0.03637381601510949
0.008331202960206317
0.09179490653029887
0.3018897572649623
0.05013900381355488
0.12062099416754077
0.2323947618078357
0.08738995842936881
0.2239536166909905
0.03724055154645666
0.06486762226133197
0.17130009100492805
0.07885957014022921
0.07223630796394793
0.03878028379934957
0.007885311019075737
0.050824686576443415
0.042995813218556826
0.002943288055370965
0.027845292776902033
0.028107104212781158
0.09201367658446671
0.01118551186323762
0.01401967996069739
0.3674271017034282
0.003537841518272251
0.1482885474233231
0.11597374571353761
0.291917327966069
0.4781559629379544
0.011596212224282696
0.03394517867477815
0.023434011855641184
0.05842666627732517
0.01863746067553855
0.136552897536063
0.017516357556622734
0.13865320328010652
0.014383319992998871
0.0911958142820462
0.0728757972279212
0.036380850455106695
0.021622668160709804
0.10213800436222392
0.3641309514578115
0.013590647238762502
0.03631364149487935
0.274926204653966
0.028204671835865204
0.09430428221271454
0.2666285593930408
0.01379222614932111
0.028802290825670568
0.018310832521752352
0.0683454570989444
