0.739200187268388
0.7408955440838597
0.48228764463165563
0.6479847744767122
0.7053326078309089
0.7434560831693029
0.5583298490912957
0.5855851093525611
0.5676768139416114
0.7056693242192926
0.6186704250292225
0.567235233129622
0.72803248311667
0.7583389529417095
0.6011608422261672
0.7433086563450015
0.5626368005713371
0.6394411324679351
0.8158363150626678
0.6771456975749102
0.74478108193259
0.8636439220015315
0.6531103749822874
0.7603663044542656
0.607812137101705
0.6375325030771051
0.7369388420483383
0.7270843636870327
0.7979368360182468
0.528957848568945
0.7919185330697003
0.64597164006277
0.83830942002146
0.6661156364555397
0.7178091780274622
0.597554300107468
0.8744327329146393
0.49888370087932
0.7678373276534373
0.746738281472039
0.8258693327384267
0.6408281864504919
0.45415296391285853
0.7797205690804249
0.5915114328670807
0.5400053703627996
0.5009393624838019
0.7786519448504126
0.5238414509798364
0.4812788140654158
0.6063856765890223
0.6929428203201446
0.6176536221379071
0.7884349830481925
0.5745219815519337
0.7611692803830467
0.7698660677357995
0.500431396056094
0.7419917838287987
0.5860428642093553
0.5502566221482509
0.5453722479500684
0.8185486692538023
0.4632307634373233
0.873184105087125
0.6441604523457598
0.7464320281557693
0.8174811734587482
0.7947747049374724
0.7072951594890065
0.7464634554114715
0.5864095863704981
0.550466245457347
0.6597883063019421
0.6945761743429202
0.7331161855051455
0.5876010978769364
0.6173602339518643
0.2906994254776754
0.4470233309869983
0.6372605465349217
0.6445635062466372
0.7462154498627772
0.7748963671267503
0.6257740459006208
0.8991956903567503
0.5995764974847052
0.7637594242277286
0.7395682764124523
0.6462513053132471
0.803274510582364
0.5611872429103524
0.748422162957333
0.8520173558301197
0.4459935529948078
0.6796193481466936
0.7773270317959763
0.6578234564845027
0.6879740054783722
0.8501454981499247
0.6877420163112089
0.6393265856384122
0.7091581869649127
0.684481600407302
0.7032072730737001
0.5828069793996113
0.7095695051922172
0.7328303446306547
0.613188162714471
0.5166148028872839
0.7374810146966604
0.548106589114996
0.4822384175540585
0.35637220989142576
0.7278696057795379
0.5448196164212106
0.7440345731281593
0.804533546836642
0.6466542296366593
0.8679353073326279
0.583379562149408
0.7792159752513113
0.6603824538580713
0.6799258541109872
0.8580020431821411
0.7696998250592777
0.7109850927075797
0.6918949454006029
0.6410130468662426
0.7643558065398663
0.6125274940046314
0.6349572991237031
0.5799370929325071
0.3820298099306709
0.8856286731067861
0.5218707214207436
0.6852557446123011
0.6589754003548667
0.6641338127003553
0.7580358249168969
0.7561784641394806
0.7516498135145444
0.6447254971075561
0.5175247991800188
0.6074050961663152
0.5593934707188278
0.6117175243636378
0.7694894472389513
0.7522382398043547
0.8626695512061713
0.7590975046902994
0.6468200176712546
0.7461718433588292
0.4738809804003973
0.4131369258334044
0.3847963716959194
0.6246262996938075
0.42356237121395174
0.8767486746604661
0.7753882592556992
0.49350201295636953
0.8186895734826948
0.7060749246406236
0.7362867366789712
0.6211035226262797
0.6790086225336485
0.8177707189535334
0.7573291910932524
0.8024221907010431
0.7750427239824423
0.5762158988744401
0.7796784957608694
0.6379714328354908
0.6289892153783222
0.4603726228670409
0.504095401404906
0.5836351920758645
0.7428141641083046
0.6830219793072043
0.713005052645198
0.7784411912503073
0.9029092832049491
0.44820449348598723
0.39558307349914484
0.7068471066452477
0.6925444954152641
0.33372726359583127
0.7448319915464615
0.8709981529355127
0.47613025008518794
0.5807544164005868
0.881568611604728
0.9111669335948308
0.6646204046465111
0.6207824088059167
0.5801630006435349
0.5964897370851137
0.5718891031026867
0.6047473947828136
0.5439049865496816
