6.58585113092314
1.2756249442488214
9.706668296037211
9.211461448995088
5.671709015570793
4.122027209062263
2.2772445305288183
6.512986837162119
6.336255991203764
7.011783233146213
7.1601508141845365
8.346190476417519
5.108787580462875
3.8699221080617345
5.686903587068176
1.2917576689338217
3.0342089109522474
2.055179181386826
4.754022203371139
7.5369303882783
9.70305148911782
7.004783844027852
1.988078110934902
2.368330878696365
1.944748136632597
3.0996379431130956
2.351341703224991
7.130911813433518
8.84383860050346
2.2960231828380935
2.139594784217542
5.285468141997477
7.307586839900203
9.744729937613368
3.8098858450493243
7.966841992622691
9.189796352467578
5.4540788974453385
1.8154779473490974
5.604287876179824
3.9071361396706843
6.994121198879542
9.557085530514568
3.3101911934550965
4.590079195652137
1.2378035875355218
9.391699823144949
7.605662656441959
4.699418737383987
5.375354674979881
5.387622440002319
4.502047143946145
6.392948467153558
4.752547276750869
3.394883305463301
7.2321906430953
2.6875093984208847
4.470489190709978
6.7337585985813035
7.165588396091096
1.5817204881385296
5.933918287998824
2.7507304214807666
4.467043820505735
2.5764898245387196
8.546036936202198
7.8867735303597915
1.9483274094785754
8.862082437898756
4.687909328567853
2.25900732371367
7.045312797798227
2.284786107956486
3.0109172873225787
9.255721770858482
6.0068893744979555
5.688591966917665
4.901505761507639
3.2695559479912415
3.5960380830969814
4.331060887748885
1.9269370248903477
8.19130619324642
2.622597585148523
6.904086361982849
4.268971287053709
4.55398695841455
2.556949811223763
5.328746181942867
3.867018066903044
8.894784067983558
2.577537289031703
2.9194137480463858
9.161710244829933
6.392986448972675
3.205718610050348
2.8684822172993036
4.189590094463699
6.752469010338459
7.991920982965269
3.111776670668456
7.148430112674393
3.9931102717164935
7.01193423963662
7.476487981010308
3.326451101230288
3.932880364315933
7.298411610789963
1.1444261591831393
2.3352978468617254
7.0009779774011225
7.895965639416828
1.8124929400273335
9.45837299485575
2.9102022178318565
1.486900497900546
4.689110418705326
5.575956526202168
5.040753283522769
3.5258144945461307
2.182831480357155
7.97965902192997
4.63711547286071
2.33857178684269
7.4557567179924735
6.873706945902637
5.576943458844098
2.9853517104966993
2.395975903391574
1.1045454457321857
6.899380343840631
8.68818675378645
1.3453268231793927
4.099291489657513
6.93449649381813
4.77182061390706
8.992018999880562
3.341116600627383
9.464783647216407
7.248708134106511
9.194601111004294
9.75889529788193
2.2673696209250203
2.1208488420416747
7.392284813072177
2.436803072905098
6.580390467461288
4.161438589693674
6.94958185589474
2.681288684725426
8.880650800224117
2.521431563706772
6.932407635413684
9.450563335363233
6.347654676680348
6.4898587425875025
1.8087206127006916
9.09459563218555
6.595980872870532
7.346314203922861
5.82974597778961
6.992150035470462
3.0940451275679255
6.2228023071033105
7.914354072046818
3.5741579162831782
1.5456597965898509
2.7054291404039024
7.500809611171726
7.906272988647744
8.067820114558543
7.476482602614521
1.9574040365950893
5.911235216615449
7.9716796241675345
7.401779646962897
8.849100701895267
5.896948121372259
7.710105606102957
9.002620175014403
8.158010224686926
4.257294441998166
7.505586674349957
9.368850244909067
3.9067731461574526
4.764735119799423
5.87625540821832
8.838210228991844
6.232341747865084
1.6106071642018902
5.239165593959163
1.7208436148160207
3.950771734659044
3.334134934222817
9.18521555186173
3.4935221356019976
4.094972426820405
6.807593073935159
5.905164390392719
5.659944694781812
