226.41793404734577
315.4814200039838
292.644854321302
160.60415220864115
463.7069663718929
326.3117655801903
46.42974311156762
235.32138351815595
114.48271276169548
387.5152541879947
166.42204454119587
258.85356313185304
416.51454471413206
441.54964210199716
387.99015168394374
265.48662337640764
370.35508789796313
370.4238248650936
376.69504830897256
281.95643272661084
73.8109931357882
44.42060685409024
157.5348102181487
221.2455732276768
160.6323325767008
290.98683407147405
330.64143320720547
354.80188974502414
222.5513707517461
240.42369873315843
125.3297312747436
500.62965753155964
395.5261926768642
418.59724992694584
229.040476258104
390.4238552612246
187.8341892641669
377.3802763561115
216.94421520008285
279.54113006471147
118.59227720451912
205.08016416822198
110.1413554688325
382.89743199041914
113.08601355214493
384.79599988537433
33.73056869196246
411.11629315875456
485.6014643004027
151.23162971798578
111.50538006308564
383.5217192988647
261.46835634480544
105.91800532096748
415.96789237825067
369.29037386335557
184.7903812739299
275.31287613703773
289.79607694734693
245.56442906101324
277.15097480915125
497.4405198646124
148.98146052991277
241.51830612296294
403.0952908469087
575.5659918859786
246.80334185220582
80.75827529466204
510.33859879712594
218.81731853725353
314.83499370244726
114.95804176712006
435.1468109214788
318.51524966050084
156.53043614874488
228.12267845554808
311.6903036103642
377.9433141893479
119.06499938126244
395.06534446484727
119.02359153200689
306.4411395409869
384.41050942879997
254.94683585671567
417.84169549509926
300.8554182942532
168.294892993831
563.8509956175061
259.49818444077704
324.7369414779711
142.26923440116636
244.68479043652442
223.76510554977554
218.17951947115807
364.111675948169
265.16090052462584
432.6884227557943
276.74982434567227
105.6697269640085
237.5511062027426
208.91371885012774
203.75533021358672
133.84240507552255
289.4201378844325
253.40505711319446
232.79043726638736
172.41312453048937
120.7903769962388
323.9066839529024
246.9528297848208
107.947355425681
252.27977424103375
290.9608784681897
351.66227653707597
232.88885415106822
410.58207977569145
62.76336132666615
226.67034845973842
364.85531518426615
269.48228017342296
447.5745262027518
318.86222786250585
243.07503340238242
339.4091074138548
257.9798219859133
303.5171486720607
274.5260845335502
442.57793583462166
78.85916959431896
188.09208723413295
276.05288125145404
369.8358123548257
232.85580922320082
182.6054053132816
88.35647248619564
224.18459418865172
219.75688700195894
372.2574207066582
230.96251321474367
202.19736890996856
101.24200158615331
366.88128859553996
365.0061947920225
107.32207048140839
330.4326994810406
403.33433063169315
89.06115923816292
256.10718790526
207.38334773939732
473.57449488923487
468.9408742397816
503.72604877041925
234.16631974363074
163.12194439852485
105.94606173326842
155.60344276714665
272.5417792115497
188.48438834778756
181.98777449365284
127.46750968837343
169.0360064364224
85.14713393110024
261.5782650827383
69.42266480871261
215.7070711529444
316.36568958750735
337.4614276710233
317.0541933617145
279.6228306097106
266.3567054613728
322.15728654176394
499.23871016942576
507.18031804605164
284.0321236680957
547.0284646578327
152.86232622803772
300.3775335722012
370.08632498717367
280.45523429542726
220.93279630210014
493.29172687348967
146.28799494374164
249.50169971813028
154.53845296756344
198.67955045636018
199.3250925960511
146.54514420724536
52.75327890814964
524.1153035823179
319.037551507815
228.88158903423857
353.39481045602275
277.4663582160982
53.551724508314784
170.70284559519573
355.76543124845375
388.6446852092906
571.5643334653672
254.05144237391784
226.94026761530483
