86.75828661
192.8016487
179.9545117
120.5504852
60.29214217
132.0237559
145.0309499
187.621036
169.5844931
85.28443651
20.35177085
1.50224127
93.42985154
4.995230903
178.4510468
50.67701696
173.7410097
167.0138908
12.64330056
23.37935726
64.46772526
10.60831115
181.5173793
170.6588883
195.9788963
3.726947358
56.20648054
131.2498131
80.83412249
191.6175347
183.4150927
161.1941442
71.47617395
62.86114334
67.27546378
7.839358255
151.3446966
176.2193661
54.11927509
166.290806
96.86376639
13.13191274
187.8690657
86.56697489
157.6763356
99.4136434
182.0643089
32.06284537
122.2605191
8.445084073
22.4461664
105.0770973
156.8919355
57.78593849
23.15663427
12.30558576
1.595400625
60.18026992
26.1670007
117.935364
29.67059549
1.427148405
29.90871964
73.51147508
171.0702809
118.7070549
100.0236384
129.2483915
101.8098467
159.6463919
79.91103989
73.65777517
59.52615959
154.1279963
23.15300102
26.95265077
105.5586905
72.83640572
118.8977771
74.53683059
110.5859571
90.03826793
62.21058832
71.34052438
115.3847956
141.323622
128.3652612
64.39254688
150.9103799
75.35656276
26.96822813
85.09935352
134.7168508
43.26297895
111.2407962
30.16755788
69.33339985
166.0172886
152.7432034
113.2089942
109.1159245
181.62541
150.720391
5.359955536
80.95843577
149.4204197
183.6918155
130.4881374
49.23081753
125.3287004
15.30037298
0.022969598
185.288199
173.4553673
90.64718988
113.3256374
96.18844685
84.27984412
184.8747251
196.5906991
141.0338192
61.50222877
88.45642701
181.8427338
106.9764635
163.7660014
148.5696778
88.42558514
65.46828695
32.67546061
175.659823
85.22091225
86.07855426
11.70932093
154.0186148
69.90006931
17.44224212
176.9008391
68.40934139
98.34053192
101.4644632
5.898348393
11.20765009
183.4377137
171.8111434
93.89697202
24.22874096
46.65048239
190.7637449
0.786042308
23.59912224
178.8141752
141.9896496
74.00840452
153.3515531
157.2691457
55.89346303
161.0399865
150.7022702
166.346802
129.4680154
36.65180625
170.7728509
45.33536798
58.25004864
33.61640394
96.27353926
45.34872486
101.8986079
126.4892918
198.3504588
165.1309529
182.7242417
83.26951765
55.83286467
12.8361318
47.13149551
154.4159172
177.1021689
18.2113919
167.5597337
163.354195
153.9891281
136.0835926
61.95894882
130.8175989
172.7267631
97.91466891
133.8042867
77.75071712
93.86462077
70.91475866
102.7792394
153.905214
23.22526993
83.94316531
161.0537665
126.370968
29.16959597
70.10318403
