10.265354881464193
6.992195890936344
11.46165318061518
4.845955446391824
6.004062010334637
3.6420436051339755
8.807478113193813
4.919938337970226
19.36459111998555
14.005193974892936
11.816527003677425
19.63984222791104
9.990521899534379
10.394961183314987
1.8043877039977143
10.70265909937622
7.368880557622511
13.781314067457792
7.40772956085427
3.6416742108208906
15.488980542671648
9.606363121159806
12.12213249618291
14.864838403461697
10.252404716624534
4.7541977509121445
12.695926410313342
4.425617071405579
17.88821547505339
9.389386951947866
0.860941393425913
5.043988403764597
11.952778463465014
1.0588680271587694
11.663054878637203
9.818742159369773
1.3250270448604808
12.919515382179725
4.462907478376587
7.049177032448223
5.003361809243069
13.825702243253662
11.918986570284165
8.458818396206153
13.6737991535338
8.711454866072291
13.896306926645781
4.996344399512571
8.95236901811452
5.255029023528925
6.169450937157541
6.944679150871359
11.516680762452589
6.062478993397037
4.81346589425131
7.297587304215705
7.223747906192381
16.449546130959682
8.082557663995622
6.609787606679927
5.427909129264437
8.70986434032633
9.83724300383619
8.919548703153126
7.124065252895976
9.761224640358291
10.009334437437822
9.374193037993756
14.859103766163607
5.207118581736106
5.710375979820814
9.462224380247559
1.2666639625423897
19.224382376848922
2.1918568699630554
9.529079309664043
4.221042098892088
3.7749640247958554
7.5997878804255325
6.4785239974742215
10.419511825486152
14.322848144525144
15.419819893916651
0.7164625640730825
8.46455798691142
13.085828399533895
4.229105575301548
2.5810867564210054
10.307095561891437
14.11424723574589
13.751808010766585
11.077828815058798
6.7260529485867195
16.692650377364867
10.571843474143918
11.282123864832927
5.522180145900513
2.196061967811948
11.37587980867554
10.09649911920218
5.305601073416854
3.2957901470885216
2.5054507507586044
7.075044547495737
10.826146180528841
5.643403388165877
5.36783561043276
12.283100878027938
1.597875146729225
6.386162773288265
3.5840972342608914
3.479982989493565
13.780931305826945
9.582828842877758
5.753323252134516
6.971250305358109
14.755668115150902
11.369727754122955
21.548908770510458
14.72259722781202
4.096832621554933
9.647942276586702
4.35646796318495
4.370048927508342
9.31952697813537
10.781386510296663
7.894788463527616
12.698389524131857
12.466990468730156
0.7655259903772439
12.540301402951563
9.61116058227557
3.8963130998012185
13.775658888249215
2.683993723292009
7.020742805175436
5.635225672012555
7.062120348568248
16.39599676158781
5.0286728647541565
8.609132299062178
7.5224088126320385
10.40800677900431
9.28857502672393
4.4375685202313555
15.599751179103691
5.535935050074377
7.7024100508594096
8.711692668385616
20.787877221128483
11.953502537606195
9.597153452213995
11.450814033283796
7.048896268624346
4.94430101383319
8.490285287087806
11.494189939716449
7.838523365974591
7.348329254555459
15.355650328163746
4.924816296095209
7.9194183003894665
9.058021871848567
6.300425668353389
9.025475697176654
13.492815298980126
14.33331313857388
7.930809220399963
7.164234640995969
4.017048214155655
11.553396881174407
5.017034884881793
8.60587940237497
5.128990975669918
6.2955958890059485
8.805489255338982
4.721751536927262
17.156814510394824
13.632935131368862
1.3982132286203954
8.454527105128467
6.891513662963872
11.866967860056834
14.636873563004702
3.2862118476320767
18.565472944221305
5.267007286494177
7.442640810294571
6.414123212730449
5.3044011836872755
2.487858206270012
6.3513045113237965
9.81297745769085
2.9014655992279677
15.013505228537376
3.191546855567853
11.631181483381152
13.617462058601546
8.23324120158757
8.801936307268337
