6.138620725610476
3.909564793454428
5.83813114943653
0.8670257268497837
5.433922156766397
0.8964119211031353
5.413477428048404
5.941212354681564
5.079883923117086
2.3562699035351904
0.0053058710773328105
0.1928125573421143
4.4551266454336
5.0018827303006965
0.16242123528168526
0.4977330601047666
2.160971395298251
1.8209521950321483
5.722124661716603
5.587980540054197
0.027277863736208205
4.494311691657016
1.9740989040182586
0.22010541211882695
0.6073479520056732
2.719690702143693
0.1248426815578336
0.9209709341757462
4.627172345494573
0.7097046992890702
0.8959606642725008
0.20522154418707914
1.790644085628069
1.090326686219489
2.890529579711189
0.7763267958759331
3.9819658338551367
4.366987033221335
0.6982401278103535
4.254864855226208
0.3913666985391139
0.8059470577832707
5.084755228466231
0.7312190010561501
5.9093211852428595
5.646429704105736
5.921381932759161
5.702415747892932
5.854387917078743
1.5319203637306118
1.4382137522386813
0.812764367304012
0.402587433978108
0.35251600454488935
0.32157476492416903
1.3702241095560557
6.180752694605524
6.235517651119371
4.805980804399601
5.209502709401715
5.108329399296715
5.393540520187356
1.5853777694709916
0.1166463712819946
0.7818219038517518
1.531141485013511
2.561253142716094
5.488046354954963
4.556644887521061
1.2883481561167116
0.12553277335872717
5.660923008220335
1.8248695920489295
5.941355929464144
6.231812808849281
1.19865225793595
5.941737506974432
0.6958391230143604
1.420105137200144
5.108932431517907
6.116864203004949
6.03823886692791
2.6466638962479525
0.7590167999022779
0.9709532499321837
0.8491079431383061
0.600652151116299
3.4274706510451685
1.1244987998815377
1.1785750288246697
0.016659268136431555
6.183287960185071
1.5192520191476764
0.6381597683784865
5.390901907168423
5.546724988549109
6.206064023850971
0.3905332289627084
0.4906449249401426
2.343604470589989
3.817704767226505
4.0773422308834935
3.2977423659336145
0.8172184950362485
4.540696000147776
6.1659366789810965
6.248037960938352
5.566186803601381
0.9338098661306844
0.8549655985856816
3.2563127151707882
0.19571069663182575
5.394275866215429
6.021828345894183
4.936840122492862
5.484705749017748
0.988150060987632
0.3881077670372107
5.887101414706276
1.597146016095647
5.677692466557043
2.606277511192864
0.5942415635523164
0.7673143558176266
4.200978060466845
1.4902673262058224
5.44595284718244
6.040938498396382
1.0345737477920554
0.34810352775637216
0.23520357999902203
4.85601756522018
1.0749701760747135
5.349521909826167
0.7446974100673882
5.859787904050573
6.222284050275955
1.1792134901476756
5.293682356418684
2.042129808959997
6.059079959361319
5.970055893209128
4.307709855748078
2.510460528655769
5.619014673089926
4.691141953364221
4.378400557796585
1.902824812341438
0.820046703207511
0.3094892331620477
0.847953018891821
0.8936548819146167
0.416567500854408
5.936392612394791
6.125228157917562
1.5666332982960849
0.13144583669814597
6.083630167099703
0.6645284184439818
4.822118311923817
5.536981217049755
1.3332938333491033
4.878086718320354
4.552179094414413
1.796942054734645
2.35602017595422
5.528034790205234
0.0188225204420977
6.02657657891452
0.7922766547555291
4.910389481079842
6.236086628998927
5.699735281267813
5.6453968125069345
0.5938108289995548
0.9097097660893194
5.300655735440599
6.100647347405667
5.333278718608664
6.069128398829488
0.23625425733384242
5.636245058155097
1.0718096643706907
0.47954009138593
0.4957353223479522
0.6368209465389875
1.2779224660613915
6.010698684454856
1.816135637204992
0.8258969724794831
4.885958428437878
5.276051573973559
4.988905406517335
4.133092258635421
1.1019915935597622
0.13052938527501193
0.13782606639182457
1.383385859979413
0.3798209349576092
0.5602639948684839
