20
90
40
50
40
40
50
60
40
30
30
90
90
80
30
10
40
50
50
30
30
20
70
80
60
40
50
10
50
50
80
20
40
30
50
40
90
30
40
20
10
50
30
90
40
50
80
60
20
40
40
10
90
40
30
100
30
30
60
10
70
100
40
40
40
60
30
50
50
50
50
70
50
30
80
60
30
10
40
40
30
30
30
70
50
30
20
40
40
80
90
30
20
80
100
40
80
80
40
30
90
50
40
40
90
70
50
80
10
50
50
60
50
30
40
10
70
40
40
90
40
40
10
90
60
40
70
40
40
40
70
40
40
60
40
70
40
20
50
40
50
30
40
70
40
60
70
40
80
20
40
40
50
50
40
30
40
50
70
40
20
10
30
70
30
70
70
70
50
60
40
20
30
30
30
60
60
40
50
50
40
40
30
10
30
30
30
40
30
40
40
40
40
50
30
30
30
40
50
80
