164.8314685
336.4847934
225.2389488
206.4933793
693.2290927
247.2019947
314.3377201
736.8335985
774.8645893
801.1583891
569.8052195
962.0533684
102.2333795
84.86933725
86.50745095
268.7616867
233.369142
811.2989517
711.595647
591.8445724
103.2341188
935.566008
229.1183
9.189625518
342.1428307
846.4609295
749.4964858
461.570887
561.4111565
609.5823895
46.16433937
549.1592408
724.7286775
699.9945178
383.9868994
774.7088903
265.7222657
470.966715
900.3997783
673.6454818
880.1077042
978.3225434
408.2651739
524.1471664
473.9791245
61.12308978
13.53571877
472.3234022
148.3925375
775.1257104
955.783681
160.2281091
25.38933356
833.0375207
199.9773285
860.8756382
572.8433533
148.3829753
573.2299102
879.6734839
960.7787182
756.757148
346.0200887
683.6123638
766.4558746
823.6877949
634.6461906
238.6953554
399.5134765
424.4530738
873.9764427
936.2160916
21.57330824
737.1116608
269.6522899
905.7638586
267.6017528
475.903673
789.1479371
158.6910015
810.5391329
61.15139541
753.951982
374.4549189
769.0055686
752.9343039
181.6524017
804.8723583
188.2272893
678.4033794
645.1783469
246.8748589
496.3618365
920.8427319
208.1047595
288.6720667
199.4335049
328.0156204
799.4686884
354.5916252
114.7594655
273.3893893
457.4832278
939.2518731
147.057538
554.863853
978.5463828
43.1082113
145.3841477
678.5378844
733.0188641
509.0069056
686.6388234
208.2412859
207.2155523
990.9157477
736.0194241
86.94723463
891.7187098
248.0531778
966.5967022
839.5651466
625.3004189
188.0843394
522.3170868
215.5280449
985.7572145
473.6573284
977.0140063
74.19314328
900.3155745
677.1562358
343.2325692
130.7692462
710.9503869
701.7271211
558.1256377
496.6197583
924.405529
95.78469493
794.7439448
161.2444347
178.0199894
120.4254304
753.9198123
540.1238824
427.346094
174.5722876
922.2429661
820.8635997
589.9583939
848.7095076
709.564197
946.2659725
251.6216163
957.8262675
883.2288425
624.3680043
392.3429831
947.69906
412.8816284
569.5991974
3.497229487
239.7649875
481.9366228
632.0232692
683.9914723
687.2369543
420.6694911
731.3538357
240.2040654
406.5665852
489.1353333
400.4479817
300.6079307
435.006801
33.03922696
291.3264723
223.3181221
947.6037362
401.0245154
735.3011014
778.1273173
309.6328672
39.27942304
922.388897
776.0640947
604.6749473
273.1794722
542.6175683
616.4920578
754.698799
496.589138
24.13411915
622.793752
664.5724772
357.2736463
340.505543
666.3217478
261.1285097
