6.525918125192126
0.9555775128365077
0.8772890199917309
0.37145729644260883
0.680742343169992
1.8159394158939202
0.5744004418034255
3.099577368956088
0.4903249509513022
0.968555466274707
1.4238999256207379
1.4993847166370473
3.9032709538259325
1.5364407869124779
0.3158441724290189
0.18020836010607905
1.1143605581801048
0.4505184750901085
2.09972428470537
4.6475429463209785
1.3113102896724045
0.6172331521524793
0.770756799890622
0.0806007237406855
0.8839651599713224
2.2327094541380865
11.213498137533449
0.406329412488707
0.5082855482861256
1.2384196529841445
0.8893613532719913
2.2715404111436377
0.22983733464045283
0.8310242893937988
1.7407882951602727
0.15186504845036372
2.3649666061028762
0.4327982782597452
5.47537796822805
1.8223199342947718
1.1125890747122136
1.6487434750367802
0.47650240833011726
1.3746911245213838
1.4546215481304419
0.6720743556201797
3.987977023291418
1.8203636662825713
0.8237697304568301
1.2065297462536004
0.31408096493247817
1.4371551469669037
1.239331654860462
1.9106623761249883
0.3904336806636361
2.2413392000968466
4.501152855982263
2.836280873205838
3.6634790734608056
0.41548711226365415
0.37469679174887843
2.153376025759103
1.5632795884442323
1.0513912811025488
2.673463396716002
0.13660412463411312
0.4715059090419722
3.4804984144415925
6.417790734797178
1.3653084691662154
3.7041298969233973
0.7770499255618067
1.289963930480712
1.8845743306341531
3.947408357405575
1.5379571570656831
4.650091793444171
0.9100603870800954
0.4971762936843728
0.28947209484800684
1.5119851896340164
2.446773164103245
2.7258839066594773
4.873887048145615
3.191239835239193
0.16285067160382274
2.051673022446412
1.0798833757795847
1.3608836862860272
0.8894784245362068
0.20234490667002974
0.3064818909120383
0.20957625948009093
1.071218283539762
32.34673299465271
3.030284262851216
0.8777848557646424
0.4867286251678006
0.8214828524905009
0.3535916216847296
3.0514605312117324
1.8635685932203472
0.9850443435956199
3.9050300531665023
1.6379089017519834
8.575469670310753
1.0861687636422566
0.9489730313857492
0.7010714295139535
6.337390555753154
1.7406237878808417
0.41019157452362215
1.5604833792135493
0.38916455979720194
0.5078087117957608
0.38585926591079783
0.11495565170151584
1.331080224825301
0.25284016946337606
10.912869605658017
2.584128215778531
1.0983732081129867
2.2601579930472266
3.468972659611324
0.9290930545832855
2.900053171892417
0.7265537262255081
4.732236457276974
0.16480993999414206
1.141226451150432
0.42109802187349316
0.6331580105156335
0.1830340742549391
0.4459683899183913
2.266217537399651
0.12975424754007261
0.6250363496174696
1.5543484952106226
0.24766587975850698
1.401805065698724
0.8249108059421226
1.0146846740904156
0.23540154663733576
1.0281661537413789
0.5433528513919964
0.18699840465434206
0.6453639369265651
1.683355162719657
0.9219529308524412
0.3231461361462093
1.8999943678161262
0.21280130456596755
0.38526331490049043
1.3498872005934632
1.4326273180854352
0.8151460353274071
0.8498607071670583
1.0513800652104222
0.682504420102206
4.644109039610636
2.245303041408764
3.252677223480578
3.679833263689297
0.3353670409363164
2.2209948512176685
1.9663505754825152
0.2735659721626438
1.26260611434014
4.608200600228705
2.850666703807223
4.217085962125793
0.2201384692349726
0.7544968618650943
0.9948548235086891
2.247726942583157
4.223246430181989
1.9358870804503132
0.26613016156111335
0.37529910042477854
0.5588350301792494
0.42996798357158206
0.40402650176038996
0.287721914726484
3.626445564866499
0.3078178180593695
0.0711825842335723
1.3541607604430708
1.1373077796430728
0.34838700578045356
3.1086911892405813
2.6186085437665674
1.097729622731417
0.09155597078940514
2.2004957029701555
0.5865881609212047
0.8801495953520462
0.2806525603451018
2.3666528888920313
0.8210848416252697
0.8897395357152181
