211.480142
274.2121737
167.2608577
618.1410656
430.9310713
109.2440817
903.6915796
61.01109881
895.0272367
233.644983
448.379047
859.4856777
403.5779566
971.5929671
414.9360378
624.8532694
876.9052766
345.3240503
903.5482823
718.164856
845.0353876
426.6317283
53.10547128
163.8619147
359.3957963
596.8775903
729.2933369
945.1945452
607.1071896
830.93355
60.5673615
507.562522
630.4957979
122.1668183
767.0688675
695.8449759
789.7057852
186.7244078
973.9559393
939.0298705
595.2688846
685.1753895
216.7978995
288.8092647
91.49957194
210.271432
425.080122
741.404562
674.7371334
845.5509976
97.43872243
27.89403888
296.9698259
737.4969491
687.997195
950.8590163
983.2009233
795.6568041
831.8630484
641.3841859
755.9125934
674.6710356
305.333249
210.8728083
472.6293519
450.592356
16.00470273
7.700014529
883.4843286
431.0076822
12.58734451
73.10954817
12.000
46.000
134.000
4.000
44.000
178.000
37.000
157.000
14.000
20.000
33.000
71.000
174.000
95.000
123.000
67.000
188.000
136.000
111.000
124.000
178.000
172.000
19.000
194.000
50.000
120.000
118.000
124.000
21.000
160.000
7.000
110.000
65.000
200.000
146.000
199.000
42.000
83.000
142.000
84.000
143.000
33.000
189.000
163.000
145.000
101.000
21.000
87.000
100.000
293.000
307.000
252.000
228.000
290.000
224.000
271.000
297.000
280.000
344.000
325.000
226.000
296.000
207.000
265.000
377.000
258.000
354.000
373.000
359.000
387.000
253.000
233.000
263.000
346.000
339.000
233.000
370.000
278.000
374.000
280.000
355.000
212.000
211.000
231.000
254.000
225.000
387.000
350.000
396.000
290.000
267.000
384.000
287.000
214.000
224.000
247.000
259.000
264.000
216.000
420.000
527.000
570.000
465.000
557.000
559.000
478.000
574.000
494.000
558.000
493.000
503.000
407.000
430.000
495.000
509.000
553.000
407.000
468.000
563.000
408.000
164.000
117.000
54.000
181.000
102.000
40.000
12.000
86.000
