32.000
135.000
41.000
30.000
115.000
147.000
16.000
33.000
32.000
119.000
149.000
52.000
159.000
29.000
165.000
29.000
141.000
12.000
9.000
146.000
127.000
141.000
171.000
2.000
193.000
129.000
139.000
20.000
40.000
153.000
124.000
58.000
72.000
69.000
166.000
74.000
189.000
3.000
68.000
174.000
81.000
111.000
102.000
106.000
100.000
99.000
12.000
26.000
118.000
97.000
100.000
73.000
136.000
20.000
92.000
52.000
109.000
116.000
200.000
80.000
103.000
169.000
70.000
200.000
14.000
140.000
97.000
155.000
37.000
43.000
157.000
179.000
3.000
184.000
88.000
16.000
126.000
146.000
113.000
111.000
129.000
57.000
69.000
200.000
168.000
187.000
118.000
172.000
14.000
62.000
141.000
194.000
166.000
188.000
14.000
188.000
143.000
4.000
69.000
199.000
2.000
182.000
57.000
44.000
36.000
133.000
9.000
86.000
161.000
79.000
95.000
118.000
100.000
9.000
34.000
94.000
168.000
1.000
138.000
52.000
196.000
120.000
41.000
95.000
130.000
136.000
90.000
23.000
189.000
80.000
103.000
102.000
27.000
22.000
62.000
200.000
62.000
38.000
122.000
58.000
21.000
151.000
5.000
93.000
21.000
58.000
164.000
65.000
109.000
27.000
24.000
97.000
61.000
193.000
181.000
196.000
9.000
128.000
110.000
148.000
136.000
106.000
109.000
199.000
144.000
96.000
30.000
142.000
181.000
72.000
143.000
23.000
7.000
81.000
30.000
3.000
63.000
77.000
120.000
80.000
118.000
135.000
74.000
155.000
134.000
72.000
176.000
118.000
29.000
5.000
22.000
7.000
114.000
89.000
70.000
24.000
22.000
176.000
104.000
49.000
