116.813 
66.8192 
59.8305 
55.091 
31.7139 
76.5609 
202.021 
5.52645 
82.4204 
143.667 
96.9884 
85.2334 
26.2197 
55.1 
48.9462 
4.28716 
33.3237 
126.039 
8.16488 
72.0606 
211.677 
124.03 
128.247 
129.867 
168.573 
32.9773 
122.494 
23.9053 
60.1738 
168.388 
94.8742 
60.3109 
35.9769 
110.401 
128.544 
53.3189 
13.1386 
126.139 
44.3984 
25.3763 
109.54 
8.20894 
28.657 
32.5742 
20.0094 
58.4499 
82.8036 
85.518 
7.04202 
35.1714 
6.99272 
78.943 
82.7202 
7.91773 
77.9507 
42.6882 
95.4035 
19.1172 
3.05516 
11.0788 
29.0438 
61.4127 
22.8123 
50.8613 
44.3526 
17.4392 
65.5109 
100.413 
56.3014 
12.367 
17.3222 
44.5671 
35.0181 
124.834 
29.2088 
17.3495 
33.0532 
75.0551 
54.5028 
5.58497 
13.3283 
50.0772 
154.539 
34.119 
39.0719 
18.4442 
99.4042 
23.0726 
120.087 
43.8979 
38.6581 
62.2309 
109.606 
18.7068 
89.0795 
64.3983 
68.9991 
82.1184 
40.8679 
37.6318 
26.4932 
63.3099 
123.153 
31.1758 
67.6323 
11.9537 
14.7033 
71.0546 
112.837 
59.8421 
232.849 
10.1548 
71.1059 
178.939 
51.8435 
6.34231 
59.0295 
11.2591 
9.96023 
103.535 
8.54882 
74.1302 
27.0056 
41.3422 
63.182 
26.5014 
23.1985 
63.8398 
184.006 
25.6452 
47.0927 
31.4619 
178.429 
131.81 
13.3136 
27.7416 
22.6576 
83.8764 
185.586 
52.2536 
36.6103 
24.4108 
159.925 
82.4348 
8.91469 
152.584 
166.67 
45.0174 
87.2874 
77.3811 
